-1.4817568078698880e-02 -1.9871237032226274e-02 1.6728366584754472e-02 1.8195716788130239e-02 7.4091604587724199e-03
6.1402871010088362e-03 2.2747457235171790e-02 1.5281914532479471e-02 -1.8807397732176431e-02 -2.0631888140362091e-02
-3.7934237358591668e-03 -6.7662557047715021e-03 4.4651245218748576e-03 -2.0872432124294071e-02 1.1004655873094153e-02
-1.8398394071882805e-03 4.1283245044181228e-03 8.5929770546324998e-03 1.3171912581194449e-02 1.0655380108551335e-02
-1.8818480456722072e-02 -2.2519784053773553e-02 -1.5172697589513921e-02 -2.9005759678590124e-02 -8.2527097700537018e-03
-2.0875318987692869e-02 2.5196684406474266e-03 2.1060811764482892e-02 -1.7680521954019406e-02 -2.1548143025055668e-02
-1.6891330269327629e-02 2.7905198067342370e-02 2.1133137892964001e-02 1.9925495806717313e-03 -3.8654214214848097e-03
-1.8448375957762886e-02 -1.2486801472117179e-02 7.4999200219388633e-03 -8.5100034261486254e-03 1.3532542058117301e-02
3.3609826363436217e-03 2.6090736028670604e-02 -2.0432763834278091e-02 2.3368110597498656e-02 -1.8988479171247671e-02
5.5593000111887900e-03 -2.6974232947490843e-02 9.0464809451253833e-03 -7.8604520809649921e-03 1.7431754164592611e-02
-2.8845128708839221e-02 -1.1631967844223704e-03 -2.3778841216235413e-02 -2.1935061049816414e-02 1.8826816668221502e-02
6.0973609079348458e-03 2.7475879788263977e-02 1.1394360209639529e-02 2.8040988611635242e-02 1.0201059669729267e-03
1.4670271690218103e-03 -2.2532500021027076e-02 -9.9198129121953194e-03 -1.3422146487763435e-02 2.1813202166487411e-02
-2.4363403382437383e-02 -1.2667293259616456e-03 1.9921757626951531e-02 5.7726453785428419e-04 -2.6637100762241801e-02
6.6795432783268768e-03 -5.4069191809558281e-03 1.2539816836517665e-02 -2.4264018096129270e-02 -6.9684516486115131e-03
-2.8079151268023111e-02 -6.7643591707889240e-03 -2.1107267670577513e-02 -1.6361778959042544e-02 1.7328141050349705e-02
1.2861891083478731e-02 -9.6117523800419154e-04 2.8322448753082659e-02 1.5411498312660152e-02 -2.4132661094854423e-02
2.1996534935925724e-03 1.0493976912666732e-02 1.4165078857781130e-02 7.5228769750293112e-03 2.2604845434090585e-02
1.7684806005099068e-02 3.1813721091710438e-03 2.1852172057720706e-02 -5.3548157198542766e-03 -2.5524143808410459e-02
-2.1163902716460528e-02 2.9340139002232951e-02 -1.7876142018621990e-02 2.2876187095554116e-02 8.7195259312218554e-03
-2.7854180104924485e-02 8.0884612733901906e-03 2.2228817745471269e-02 -1.9719532671987755e-02 -1.5696336635318886e-02
-1.4088048568712088e-02 -1.0457600594363903e-02 1.5010827900872959e-02 -2.4503452873234365e-02 2.8946440378891793e-02
-2.0702825775800546e-02 2.2137168971863120e-02 -2.7172456105881215e-02 -2.2851213648556353e-02 -1.2335266534138708e-02
2.3767230602980995e-02 2.4789304390822581e-02 -2.8293829302236350e-02 1.5448854283505139e-02 -1.0829655257473690e-02
-4.7651570973207148e-03 3.9995753208333538e-03 1.1714420899672307e-02 -2.7636734643716708e-02 -2.9030753672225330e-02
1.4573792884598532e-02 2.7593972107298675e-02 -1.2379261170804082e-02 2.6075563654732046e-02 5.3744508222366314e-03
-2.1502940085792382e-02 -2.4288868932551905e-02 7.6366859032842875e-03 2.7338897214307422e-04 1.3157406561050129e-03
7.5748335264535435e-03 -1.6194233818458730e-02 -1.4043065956220699e-02 3.6845085646630628e-03 -6.3992744495456584e-03
1.2267617300581261e-02 -1.6894327448501438e-02 -1.2653349145447648e-02 2.0504968844880473e-02 -2.2659712801440086e-03
-2.5101070559348092e-02 2.1232904250669052e-02 -4.7007796422533195e-03 1.4697760876224389e-03 8.9469095805624933e-03
-7.6055953851311853e-03 2.8670253266964586e-02 -1.3132735523284408e-02 1.0697103233381485e-02 2.6663752096967195e-03
1.5991578105834748e-03 -2.9032802226888432e-02 1.5190500320639422e-02 -1.7597814876466885e-02 1.4176263960423896e-02
-2.2720530067800615e-02 -3.1952099512512874e-03 -1.3066170212959635e-02 -1.7078371051134637e-02 -7.9554308271619287e-03
1.7444428678168627e-02 -2.4193642875132999e-02 9.4913077316126204e-03 -1.6337717887024150e-02 -2.3094967639167505e-03
7.1113241699189726e-03 -2.0051468453331611e-02 2.5271886926094573e-02 8.8608713784077090e-03 3.7067722969531787e-03
2.1326004895374250e-03 1.4095218905155346e-02 2.6087812742744264e-02 -1.3590205807687447e-02 -2.6381666126061267e-02
-1.9407636523444845e-02 -3.6000882233511687e-04 1.2467839478332219e-02 9.9158980831398538e-04 -1.6222840266766795e-02
-1.5917650976857767e-02 2.6781329224757365e-02 -9.6724512179900534e-03 1.0632040919762118e-02 1.3813889958804807e-02
-6.7733364667744217e-03 1.7690497327075123e-03 -2.2800078942072630e-02 -2.7518304978566038e-03 -2.6464237764250265e-02
-5.9717354293760553e-03 2.4343745772388299e-02 -2.8915318809138849e-03 -2.5554065610099000e-02 2.9432336841904456e-02
2.9459136559664204e-02 -9.5715054105673363e-03 -1.3703477342136686e-02 -1.2699269370879426e-03 -1.7614081901290317e-02
1.3972680625001522e-02 -1.9045073638506566e-02 -2.0521196734576520e-02 -8.6588374749959566e-03 -5.9561688487874539e-03
2.5463347898294384e-02 2.5461809730080664e-03 -2.7054458955214022e-03 8.2190775152608732e-04 2.5454677253101139e-02
-2.6544252834237180e-02 2.1870228020883637e-02 -1.1641655818581339e-02 3.7561782473557247e-03 6.6514924647912890e-03
-1.7392658887904817e-02 -2.9406999185942660e-02 -6.6844976888916670e-03 -1.7683538276979195e-02 -1.0024522763460610e-02
1.4726154075845658e-02 -1.6975660871944545e-03 -8.0486449295733391e-03 2.8177161606875445e-02 -3.5648423793055819e-04
1.9315911489807373e-02 -1.3407445980457134e-02 2.3029253801792170e-02 -1.2925496456600339e-02 -1.2883666865065004e-02
2.8585075674321771e-04 -3.6199315369797036e-03 -3.5469465402542676e-03 2.8913866112931712e-03 2.8381760929902744e-02
1.0082692223819273e-02 -1.8047711291387731e-02 -8.4579623285389628e-03 -4.9293513264220693e-03 2.1708247941863268e-02
2.1786941424508772e-03 -1.7058831010714027e-02 1.3830230992741156e-02 2.3553479646393122e-02 2.6776837157550495e-02
-4.9216357067567056e-04 -1.3827697550622881e-02 7.4703985846489521e-03 1.1132169851494844e-02 -1.9660370158003652e-02
1.1168843293666689e-02 9.4695703133579733e-03 -1.6046285702296131e-02 5.3969884603773961e-03 -3.9495544026480305e-03
-1.3698858212605988e-02 1.3784819901465519e-02 -1.5552143409124723e-02 -1.0630502038222025e-03 2.5479362361352405e-02
2.4986224578362665e-02 1.8746763155687185e-02 -4.9006296196346874e-03 3.8953808401838356e-03 1.0472377989024898e-02
1.3822280998990193e-03 -6.7286048317761783e-03 -1.7267755352190509e-02 2.0169507214099800e-02 2.7454209965368761e-02
-2.6951469723276771e-02 -1.3417485794041737e-02 1.0335040186801486e-02 -4.5348418241949618e-03 2.5897631727849573e-02
6.8546996599418162e-03 1.5004599248986540e-03 -2.1874907635374134e-02 1.5909774146861427e-02 -6.7037322229069165e-03
-2.2456207875098232e-02 -2.7271196833065000e-02 9.3870721327510612e-04 3.0185458754345895e-03 1.0172966126885856e-02
1.6589871691493820e-02 -4.6572406730574075e-03 5.9295982159885477e-03 -7.4701119836351687e-03 -2.3657852780086079e-02
2.4230554660044912e-02 5.8788240101936571e-03 3.6108103691841536e-03 2.0953092867240071e-02 3.6044149986567972e-03
2.0165433048876667e-02 1.5343075831926983e-02 1.0878939409759581e-02 -7.2100253911464426e-03 -1.8605122617656809e-02
5.0422506730005033e-03 -1.2064209783911898e-02 -6.6672066942689498e-04 -5.1765563199789961e-03 -9.5861699411368684e-03
1.4818300747363764e-02 8.2757154024245324e-03 -9.0691004014987371e-03 -2.1805649426840473e-02 2.7167438709233341e-02
1.3109737613669278e-02 -9.5561033100015364e-03 2.7577983190485149e-02 -1.9933882933434937e-02 3.2182443325208393e-03
