1.5613787609435114e-02 -1.6995922245700304e-02 -2.1707645282369795e-02 4.0780843227366213e-03 1.7441625111162522e-02 -6.1108788968653590e-03
3.8207264212731663e-02 1.4688778158211490e-02 -1.5153788083000724e-03 -8.5736302747397106e-03 -1.2462947514438310e-02 1.8203024928386592e-02
-4.8817829726227118e-03 -3.4993252408293977e-02 -8.1026209682103275e-03 1.8913956943494282e-02 -2.5232998599004134e-02 -2.5792479024676938e-02
2.5074489338022324e-03 2.5294001374262984e-03 1.0681105105306952e-02 2.7770023070599299e-02 1.7837900429607440e-02 8.8232539372448942e-03
1.7678007469755411e-02 -1.4069798827884320e-02 -1.0983923864502287e-02 -2.1595448598308191e-02 -1.6393945221960846e-02 1.0408926842893667e-02
-3.2416212319784227e-02 -5.2688965212859670e-03 -5.4944704228770411e-03 -5.0185754963252957e-04 -5.8944108250378211e-03 -1.4919965090927354e-02
-5.8530046189986910e-03 3.1263400528043009e-02 3.5298258949538246e-02 1.4596419829468951e-04 9.8507817241424867e-03 -3.0547552390683890e-02
-1.4520677486072048e-02 -6.7689262944728721e-03 2.9111299938345957e-02 -1.9831796583858002e-02 -1.3482999567277713e-03 3.8588378839856663e-02
1.5485202564533243e-03 8.9719471385138316e-03 -3.0149376434324790e-02 2.5934936982108543e-02 8.1903884882131035e-03 3.5816419699949645e-03
-1.2495863392007178e-02 -1.5566901180591890e-02 -6.5944059849298671e-03 1.4408323839193823e-02 2.9838284138349616e-02 8.2828339355264585e-04
1.3455695041837065e-02 6.8295446713963117e-03 9.9263238021818113e-03 1.3882878027501554e-02 2.7206618149473127e-02 -3.3124303472433475e-02
2.0955387329673177e-02 -2.0371330867782145e-02 -2.4300694965658287e-02 5.7582950815165505e-03 -3.2129511198197375e-02 3.0622670966796196e-02
1.0112722853110250e-02 1.7755331731213731e-02 -3.8454151342270919e-02 7.5046847918054521e-03 4.5128294837039522e-03 -2.7103139183717501e-02
-2.7571159700228744e-02 1.5539111257125114e-02 -1.4402983946624067e-02 1.5256252081634048e-02 4.3219424360122520e-03 -8.8253134684434693e-03
3.3786104312000596e-02 2.7153177980952379e-02 -1.1332892227460598e-02 -3.6271672454331792e-02 -1.5515460233948919e-02 -8.0913815227288046e-03
1.6288476167942247e-02 3.9367100268040758e-02 -1.1450725351757198e-02 2.0865184478129687e-02 7.4049504550927018e-03 1.5234914117157248e-02
-2.7725578671401047e-02 -8.0364973410347630e-03 -2.0594684916457946e-02 -1.2440854481815757e-02 1.0433199015070602e-03 1.3241976490423225e-02
-3.1319217791221939e-02 -2.9333494860090865e-02 -1.4147546815069292e-02 1.2839831499731403e-02 2.7537522437732432e-02 4.2324645860769925e-03
2.8169027326104018e-02 -9.1521627165411321e-03 -1.4560221508358147e-02 -1.1581869164771571e-02 -2.6139765602669566e-02 2.6155220011000509e-02
-1.2821141083464396e-02 4.1619515561359486e-03 6.2426376723067282e-03 1.7112740351022085e-03 -3.9522345001557234e-02 3.8809758555875443e-02
3.2213281957651857e-02 -2.3234745713455438e-02 -1.6491269231400055e-02 1.5902457128597290e-03 3.1940677065689108e-02 3.8435085356494661e-02
-1.9268602875307048e-02 5.1147380894166839e-03 2.4395397284722370e-02 -8.3946168848750748e-03 1.8363822769281991e-02 -2.6935503432027025e-02
8.0027106843419404e-03 2.9075958799364914e-02 3.8426401003816106e-02 -3.3428617267967912e-02 -5.6943811878291473e-03 -2.3480552559400070e-02
-3.9230139339733712e-03 3.7958638461566040e-03 -3.2319115852155390e-02 -1.6143868551896447e-02 3.3980949687155378e-02 5.4838605022511921e-03
-3.3845512381645315e-03 2.0148202690144636e-02 1.9221254763849432e-02 -3.5875300659321742e-02 1.6585587185946955e-02 2.6960327465214227e-02
-2.6548564898249936e-02 2.2331451668970031e-02 -1.6964349491452889e-02 -1.5380224427146851e-02 1.3133649493898321e-02 -3.0883418574861616e-02
1.3102733593710791e-02 3.0823732308427509e-02 1.5601237610056249e-02 -4.7422594902865036e-03 -4.9102228256129614e-03 2.1067701352563483e-02
5.2166972763711033e-03 -3.2988472028125715e-02 6.5700318519718573e-03 2.5021240314029657e-02 -1.2948650830636151e-02 3.3980340886247996e-02
1.9924966765248815e-02 5.8859959739481415e-03 1.9998636337028017e-02 -3.3445849140401898e-02 2.8561347570880056e-02 2.5550556051818499e-02
3.2573296523860276e-02 -2.9513399718199416e-02 -3.3236748420776466e-02 -2.8735816419696879e-02 -7.9965692567077942e-03 -6.0154807023627349e-03
4.9446153499927217e-03 -3.0021038496106937e-02 -2.3730361335367812e-02 2.4766981391918068e-02 -2.5440896393990322e-03 2.4472447346262922e-02
-3.9145781991262098e-02 4.1001740971731886e-03 3.4326486371050201e-02 6.5306432757228916e-03 -2.3357143132703883e-02 1.7305616234092828e-02
