1.7895209512638288e-02 1.6231764453290489e-03 -2.2463580269285348e-02 8.2379621510536103e-03 -2.4125911788056068e-02
-9.8947895265737596e-03 -4.2828380653458361e-03 3.2075002287394998e-03 7.5564900437663880e-03 1.1641600729275663e-02
1.7100299726069815e-02 -2.1709922579483072e-02 -9.2728928706500065e-03 -1.7601053910794626e-02 1.2227316017825000e-02
-2.7518610082531838e-02 2.4136250794419629e-02 -5.5933188360651406e-03 1.5359646079579478e-02 -1.5476465641610516e-03
-1.2578631980913940e-02 1.4820422444195919e-02 -2.3762338757785134e-02 -5.1688556532047333e-03 -1.2878231403288804e-02
-6.4710634654050426e-03 2.1886827124744775e-02 -2.4696815624315725e-02 3.4165937197286902e-03 2.8034188220288727e-03
-9.8961230608993599e-03 2.7911871862049468e-02 -1.2604748094170554e-02 4.8700070099709904e-04 -2.0762732862305785e-02
-1.7903346841918300e-02 2.0100467631840598e-02 -2.9267039382794041e-02 1.6668077835046414e-02 1.9667442766551337e-02
2.5826365840879512e-02 2.7872525484563895e-02 1.9628832142582781e-02 -2.5606680607146104e-02 -5.6740052522544970e-03
-7.3842773196755454e-03 4.4240529503115060e-04 2.8183645493650926e-02 1.8813016160180440e-02 -1.8427812075357163e-02
1.1680240855766752e-02 1.0769795474326892e-02 2.9435202887809635e-02 -1.0243582616609691e-03 1.3599614080669994e-02
1.7408905622996101e-02 -1.4072350950126346e-02 -1.9988779344228068e-02 1.1707077239305801e-02 2.3561765639531593e-02
2.4484542599485171e-02 -1.1061153639970487e-02 2.6782899471875180e-02 1.3226375011106848e-02 -2.8255163886034100e-02
1.3301949138470373e-02 4.8159985501426417e-03 2.6808999120668017e-02 1.4291958451496761e-02 -1.7840276892368022e-02
2.6480959164340422e-02 2.1135115832436609e-02 -3.0050907680063410e-03 1.9087857882296694e-02 2.9327312681082403e-02
3.7822186749879366e-03 5.2490277778879458e-03 -4.4806421550229467e-03 2.3324601730576367e-02 -3.2807217880982493e-03
4.5552159572714935e-03 9.4476986792707048e-03 -1.1651273598737889e-02 -2.8134419095204238e-02 1.9914653164311135e-02
-1.0643367737931619e-02 -7.3413162844228504e-03 -1.8770916620516599e-02 1.9542064215056922e-02 -1.8585100605623423e-02
2.7700618120283977e-02 1.1585729891021111e-02 6.2316361616518339e-03 -2.3551703154737685e-04 1.2319328614078827e-02
-1.4128368286094208e-02 9.0042733995999453e-03 7.2525885910843099e-03 1.9821703599861348e-02 -8.4197376720271666e-03
2.6808116773144819e-02 -2.5751620651185202e-02 2.1652485917784316e-02 3.0358302089128963e-03 2.2976593559190839e-02
1.4557687141689804e-02 -1.7230937924857252e-02 -6.9392240161209387e-04 5.3593576299949793e-03 2.1872893820243711e-02
1.7651296832155897e-02 2.6807024609833387e-02 -1.9264609994340060e-02 -2.3187488540865164e-02 7.4994521859652321e-03
-7.4107207743765446e-03 8.9648409607211085e-03 1.1003431836558143e-02 -1.4275336260548064e-03 9.7792218951621938e-03
2.6746019767999694e-02 -1.8781466250559032e-02 1.1807782121116715e-02 -3.1059376974774539e-03 1.4461663352008244e-03
-2.4041599879404265e-02 1.0150386130709305e-02 2.4385039793705678e-02 -9.9352456848951914e-03 2.7659555161386542e-02
-1.9220565009925562e-02 -2.6189818134188501e-02 -2.5904292735693411e-02 1.6503691606690352e-02 3.8217907661668273e-03
-2.1500191303316110e-02 -9.9639608436449573e-04 9.2524204735080495e-03 2.5603378096217978e-02 2.5433118725176605e-03
-1.2765940469937167e-02 -1.6595452101249734e-02 1.4293377719420361e-02 -1.4874456497578561e-04 -1.9675030655551748e-02
2.7084605420714336e-02 -8.3296414766874105e-03 -5.8762779367412966e-03 1.0991925934793251e-02 2.5598648473223799e-02
-6.7888401764013371e-03 -8.7596887718788905e-03 -7.5292403771501691e-03 -1.9389689590897045e-02 -1.8962595880702714e-02
8.3915919282103752e-03 2.8026957290192524e-02 -2.5157180589290215e-02 -2.1770254162737181e-02 1.8725844726317196e-02
1.6527329597061408e-02 2.8324173557022193e-02 -1.7075821811548104e-02 2.5637276542015672e-02 -2.2191140438617692e-02
1.1685406675879164e-02 2.4473843094916074e-02 1.2847588851011092e-03 -5.9673994322025203e-03 1.6075152063693848e-02
1.9077221429986690e-02 2.6671057073464247e-02 -2.5466822854530152e-02 -1.8183709692163444e-02 1.6793756401562367e-02
1.0363610422391390e-02 -1.3476317419596774e-02 -2.9384524202379574e-02 5.5412925681716076e-03 1.8884208124242529e-02
-2.2905444890167189e-03 9.3176695526041142e-03 9.8703817882099098e-04 2.6915979109294316e-02 1.8947072867597635e-02
-5.9634568111711457e-03 2.3198316075547360e-02 -1.3596437686738155e-02 2.5073114651260222e-03 -1.4597703798553994e-02
1.7101433643971064e-03 -7.1332135332435409e-04 2.8184728308934690e-02 9.3873537205506677e-04 -1.1606532863636831e-02
-1.6532471854739599e-02 3.4662413698793816e-03 -6.8714839795486144e-03 2.0988591963435155e-02 -2.6032406753305266e-02
-2.4369309863837816e-02 6.1508566166468005e-05 -7.8748968000073045e-03 1.4429408782990569e-02 -2.3345014675828821e-02
2.7083775094297814e-02 1.0862631542211131e-02 -2.7052705880638080e-02 -2.4546841260878943e-02 8.0261962426698454e-03
1.6205820237978640e-02 -1.2582220191159432e-02 -1.1852931732443438e-02 -1.3526524177798423e-02 -1.3040530214929204e-02
-2.4941376971694608e-02 2.4263394656860457e-03 -2.9178100785820560e-02 1.4232344306912987e-02 2.0268439390360535e-02
-2.3131580746377608e-02 -1.3777584644539112e-02 -1.9984323336445609e-02 3.5036622786036261e-03 2.6828472906002907e-02
-1.8206752406299265e-02 2.5692436353601814e-02 8.1341567555908258e-04 -1.4246267670471179e-02 1.6387933457082032e-02
-9.2272831698496840e-03 -1.0542878664449444e-02 1.9500406596629025e-02 -1.6251179490042469e-02 -2.0905245475025879e-02
-1.5305635121663028e-02 -1.8723967228097986e-02 -1.3685673040944242e-02 -8.8318179342432353e-03 1.8853806270416957e-02
-1.0828382223669273e-02 2.0010452902826291e-02 -2.7223205410561186e-02 4.6775648470207144e-03 5.4690806595314931e-03
5.4934750562343846e-03 8.9359867821576337e-03 2.3179974193765589e-02 -1.7591545524948227e-02 -2.7102286221589479e-02
-9.5697754253728905e-03 3.8417406509666124e-03 1.3617884491099260e-02 1.8800692624592538e-02 1.9470194558249339e-02
-2.2818468137122346e-02 -2.9314682392495543e-04 2.8929331425635061e-02 -6.4106428364556932e-03 2.2827240748067704e-02
5.8203864475813198e-04 -1.6281270401129054e-03 -2.6405914005671095e-02 6.4658679255878782e-03 -2.4506415731865454e-02
-4.6783507123883952e-03 -2.5616109236562202e-02 5.6257207299463454e-03 2.1525051399691988e-02 1.0828356142153253e-02
-2.6132496424286080e-02 1.4118440864555380e-02 2.2494814414549182e-02 2.8286194865081327e-02 5.9422725163174274e-03
-2.2335967032477186e-02 2.5480294259703735e-02 1.2427685458430681e-02 -7.9371317410163802e-03 -1.2544366650480315e-02
7.5666490308686062e-03 -8.9997724909671156e-03 2.6004645954979661e-02 -2.4664247005883443e-02 -2.6214355620026546e-03
-1.0521732258015797e-03 -1.8854550598112248e-02 1.2298016837906933e-02 -2.6893779351719369e-02 1.2652225877352991e-03
1.5025188482742931e-02 1.7279967593808742e-02 -2.8137695818987212e-02 -2.1738026043672195e-02 -3.4582049942795939e-03
9.4767331239684043e-03 -7.9686410307136211e-03 -5.9296461421998650e-03 -1.2670140481880336e-02 -2.2301048783945975e-02
2.4754588462314354e-02 2.4970834262367521e-02 -1.1986409654346662e-03 -2.6568017692771367e-02 -8.4361531940581984e-03
-1.0477872290700052e-02 2.2889191112585534e-02 2.3172379961487941e-02 -1.0321085186629031e-02 -1.1842181843708327e-02
-1.1293271135614435e-02 -8.0623428324537866e-03 -4.3218023853395325e-05 1.5127738219982758e-02 2.7662563095294759e-02
-1.6506150005517115e-02 1.1122592499365746e-02 -2.4760851182991726e-02 4.8051111532508737e-03 7.2846958046756029e-03
